shell ang x y z
1 0 0 0 0
2 0 0 0 0
3 0 0 0 0
4 1 0 0 0
5 1 0 0 0
6 2 0 0 0

shell  function   exponent    contraction coefficient
1 1 2.43500000e+04 6.97409403e-01
1 2 3.65000000e+03 1.29889232e+00
1 3 8.29600000e+02 2.20305967e+00
1 4 2.34000000e+02 3.34377858e+00
1 5 7.56100000e+01 4.19720229e+00
1 6 2.67300000e+01 3.62550119e+00
1 7 9.92700000e+00 1.39761421e+00
1 8 2.83600000e+00 6.83931890e-02
1 9 1.10200000e+00 -5.86034984e-03
1 10 3.78200000e-01 8.16327852e-04
2 1 2.43500000e+04 -1.63933075e-01
2 2 3.65000000e+03 -3.06232370e-01
2 3 8.29600000e+02 -5.21873561e-01
2 4 2.34000000e+02 -8.20104657e-01
2 5 7.56100000e+01 -1.10321146e+00
2 6 2.67300000e+01 -1.19398485e+00
2 7 9.92700000e+00 -7.08330164e-01
2 8 2.83600000e+00 2.76233352e-01
2 9 1.10200000e+00 4.64410067e-01
2 10 3.78200000e-01 1.25494310e-01
3 1 2.83600000e+00 1.55754198e+00
4 1 3.78200000e-01 3.43717177e-01
5 1 5.47000000e+01 3.63675167e+00
5 2 1.24300000e+01 3.58151844e+00
5 3 3.67900000e+00 2.33629504e+00
5 4 1.14300000e+00 8.17423773e-01
5 5 3.30000000e-01 1.18572457e-01
6 1 1.14300000e+00 1.68460419e+00
7 1 3.30000000e-01 3.56518863e-01
8 1 4.01400000e+00 3.24511788e+01
9 1 1.09600000e+00 3.34686776e+00
10 1 2.54400000e+00 4.66029673e+01
