shell l   x      y      z                                                      
   1  0  0.000  2.638  0.000                                                    
   2  0  0.000  2.638  0.000                                                    
   3  0  0.000  2.638  0.000                                                    
   4  1  0.000  2.638  0.000                                                    
   5  1  0.000  2.638  0.000                                                    
   6  2  0.000  2.638  0.000                                                    
   7  0  2.285  1.319  0.000                                                    
   8  0  2.285  1.319  0.000                                                    
   9  0  2.285  1.319  0.000                                                    
  10  1  2.285  1.319  0.000                                                    
  11  1  2.285  1.319  0.000                                                    
  12  2  2.285  1.319  0.000                                                    
  13  0  2.285 -1.319  0.000                                                    
  14  0  2.285 -1.319  0.000                                                    
  15  0  2.285 -1.319  0.000                                                    
  16  1  2.285 -1.319  0.000                                                    
  17  1  2.285 -1.319  0.000                                                    
  18  2  2.285 -1.319  0.000                                                    
  19  0  0.000 -2.638  0.000                                                    
  20  0  0.000 -2.638  0.000                                                    
  21  0  0.000 -2.638  0.000                                                    
  22  1  0.000 -2.638  0.000                                                    
  23  1  0.000 -2.638  0.000                                                    
  24  2  0.000 -2.638  0.000                                                    
  25  0 -2.285 -1.319  0.000                                                    
  26  0 -2.285 -1.319  0.000                                                    
  27  0 -2.285 -1.319  0.000                                                    
  28  1 -2.285 -1.319  0.000                                                    
  29  1 -2.285 -1.319  0.000                                                    
  30  2 -2.285 -1.319  0.000                                                    
  31  0 -2.285  1.319  0.000                                                    
  32  0 -2.285  1.319  0.000                                                    
  33  0 -2.285  1.319  0.000                                                    
  34  1 -2.285  1.319  0.000                                                    
  35  1 -2.285  1.319  0.000                                                    
  36  2 -2.285  1.319  0.000                                                    
  37  0  0.000  4.685  0.000                                                    
  38  0  0.000  4.685  0.000                                                    
  39  1  0.000  4.685  0.000                                                    
  40  0  4.057  2.343  0.000                                                    
  41  0  4.057  2.343  0.000                                                    
  42  1  4.057  2.343  0.000                                                    
  43  0  4.057 -2.343  0.000                                                    
  44  0  4.057 -2.343  0.000                                                    
  45  1  4.057 -2.343  0.000                                                    
  46  0  0.000 -4.685  0.000                                                    
  47  0  0.000 -4.685  0.000                                                    
  48  1  0.000 -4.685  0.000                                                    
  49  0 -4.057 -2.343  0.000                                                    
  50  0 -4.057 -2.343  0.000                                                    
  51  1 -4.057 -2.343  0.000                                                    
  52  0 -4.057  2.343  0.000                                                    
  53  0 -4.057  2.343  0.000                                                    
  54  1 -4.057  2.343  0.000                                                    

shell  function   exponent    contraction coefficient                          
   1       1    6.66500000e+03    3.63803116e-01                                
   1       2    1.00000000e+03    6.75392020e-01                                
   1       3    2.28000000e+02    1.13230098e+00                                
   1       4    6.47100000e+01    1.65400404e+00                                
   1       5    2.10600000e+01    1.92497846e+00                                
   1       6    7.49500000e+00    1.44814933e+00                                
   1       7    2.79700000e+00    4.39427431e-01                                
   1       8    5.21500000e-01    6.64980332e-03                                
   1       9    1.59600000e-01   -5.74264109e-04                                
   2       1    6.66500000e+03   -7.67561626e-02                                
   2       2    1.00000000e+03   -1.46256808e-01                                
   2       3    2.28000000e+02   -2.39407036e-01                                
   2       4    6.47100000e+01   -3.79069086e-01                                
   2       5    2.10600000e+01   -4.48103733e-01                                
   2       6    7.49500000e+00   -4.84200525e-01                                
   2       7    2.79700000e+00   -1.96168096e-01                                
   2       8    5.21500000e-01    2.38161760e-01                                
   2       9    1.59600000e-01    1.04468216e-01                                
   3       1    1.59600000e-01    1.79963635e-01                                
   4       1    9.43900000e+00    8.98721985e-01                                
   4       2    2.00200000e+00    7.11071033e-01                                
   4       3    5.45600000e-01    3.39917026e-01                                
   4       4    1.51700000e-01    6.32701430e-02                                
   5       1    1.51700000e-01    1.34949744e-01                                
   6       1    5.50000000e-01    1.00139355e+00                                
   7       1    6.66500000e+03    3.63803116e-01                                
   7       2    1.00000000e+03    6.75392020e-01                                
   7       3    2.28000000e+02    1.13230098e+00                                
   7       4    6.47100000e+01    1.65400404e+00                                
   7       5    2.10600000e+01    1.92497846e+00                                
   7       6    7.49500000e+00    1.44814933e+00                                
   7       7    2.79700000e+00    4.39427431e-01                                
   7       8    5.21500000e-01    6.64980332e-03                                
   7       9    1.59600000e-01   -5.74264109e-04                                
   8       1    6.66500000e+03   -7.67561626e-02                                
   8       2    1.00000000e+03   -1.46256808e-01                                
   8       3    2.28000000e+02   -2.39407036e-01                                
   8       4    6.47100000e+01   -3.79069086e-01                                
   8       5    2.10600000e+01   -4.48103733e-01                                
   8       6    7.49500000e+00   -4.84200525e-01                                
   8       7    2.79700000e+00   -1.96168096e-01                                
   8       8    5.21500000e-01    2.38161760e-01                                
   8       9    1.59600000e-01    1.04468216e-01                                
   9       1    1.59600000e-01    1.79963635e-01                                
  10       1    9.43900000e+00    8.98721985e-01                                
  10       2    2.00200000e+00    7.11071033e-01                                
  10       3    5.45600000e-01    3.39917026e-01                                
  10       4    1.51700000e-01    6.32701430e-02                                
  11       1    1.51700000e-01    1.34949744e-01                                
  12       1    5.50000000e-01    1.00139355e+00                                
  13       1    6.66500000e+03    3.63803116e-01                                
  13       2    1.00000000e+03    6.75392020e-01                                
  13       3    2.28000000e+02    1.13230098e+00                                
  13       4    6.47100000e+01    1.65400404e+00                                
  13       5    2.10600000e+01    1.92497846e+00                                
  13       6    7.49500000e+00    1.44814933e+00                                
  13       7    2.79700000e+00    4.39427431e-01                                
  13       8    5.21500000e-01    6.64980332e-03                                
  13       9    1.59600000e-01   -5.74264109e-04                                
  14       1    6.66500000e+03   -7.67561626e-02                                
  14       2    1.00000000e+03   -1.46256808e-01                                
  14       3    2.28000000e+02   -2.39407036e-01                                
  14       4    6.47100000e+01   -3.79069086e-01                                
  14       5    2.10600000e+01   -4.48103733e-01                                
  14       6    7.49500000e+00   -4.84200525e-01                                
  14       7    2.79700000e+00   -1.96168096e-01                                
  14       8    5.21500000e-01    2.38161760e-01                                
  14       9    1.59600000e-01    1.04468216e-01                                
  15       1    1.59600000e-01    1.79963635e-01                                
  16       1    9.43900000e+00    8.98721985e-01                                
  16       2    2.00200000e+00    7.11071033e-01                                
  16       3    5.45600000e-01    3.39917026e-01                                
  16       4    1.51700000e-01    6.32701430e-02                                
  17       1    1.51700000e-01    1.34949744e-01                                
  18       1    5.50000000e-01    1.00139355e+00                                
  19       1    6.66500000e+03    3.63803116e-01                                
  19       2    1.00000000e+03    6.75392020e-01                                
  19       3    2.28000000e+02    1.13230098e+00                                
  19       4    6.47100000e+01    1.65400404e+00                                
  19       5    2.10600000e+01    1.92497846e+00                                
  19       6    7.49500000e+00    1.44814933e+00                                
  19       7    2.79700000e+00    4.39427431e-01                                
  19       8    5.21500000e-01    6.64980332e-03                                
  19       9    1.59600000e-01   -5.74264109e-04                                
  20       1    6.66500000e+03   -7.67561626e-02                                
  20       2    1.00000000e+03   -1.46256808e-01                                
  20       3    2.28000000e+02   -2.39407036e-01                                
  20       4    6.47100000e+01   -3.79069086e-01                                
  20       5    2.10600000e+01   -4.48103733e-01                                
  20       6    7.49500000e+00   -4.84200525e-01                                
  20       7    2.79700000e+00   -1.96168096e-01                                
  20       8    5.21500000e-01    2.38161760e-01                                
  20       9    1.59600000e-01    1.04468216e-01                                
  21       1    1.59600000e-01    1.79963635e-01                                
  22       1    9.43900000e+00    8.98721985e-01                                
  22       2    2.00200000e+00    7.11071033e-01                                
  22       3    5.45600000e-01    3.39917026e-01                                
  22       4    1.51700000e-01    6.32701430e-02                                
  23       1    1.51700000e-01    1.34949744e-01                                
  24       1    5.50000000e-01    1.00139355e+00                                
  25       1    6.66500000e+03    3.63803116e-01                                
  25       2    1.00000000e+03    6.75392020e-01                                
  25       3    2.28000000e+02    1.13230098e+00                                
  25       4    6.47100000e+01    1.65400404e+00                                
  25       5    2.10600000e+01    1.92497846e+00                                
  25       6    7.49500000e+00    1.44814933e+00                                
  25       7    2.79700000e+00    4.39427431e-01                                
  25       8    5.21500000e-01    6.64980332e-03                                
  25       9    1.59600000e-01   -5.74264109e-04                                
  26       1    6.66500000e+03   -7.67561626e-02                                
  26       2    1.00000000e+03   -1.46256808e-01                                
  26       3    2.28000000e+02   -2.39407036e-01                                
  26       4    6.47100000e+01   -3.79069086e-01                                
  26       5    2.10600000e+01   -4.48103733e-01                                
  26       6    7.49500000e+00   -4.84200525e-01                                
  26       7    2.79700000e+00   -1.96168096e-01                                
  26       8    5.21500000e-01    2.38161760e-01                                
  26       9    1.59600000e-01    1.04468216e-01                                
  27       1    1.59600000e-01    1.79963635e-01                                
  28       1    9.43900000e+00    8.98721985e-01                                
  28       2    2.00200000e+00    7.11071033e-01                                
  28       3    5.45600000e-01    3.39917026e-01                                
  28       4    1.51700000e-01    6.32701430e-02                                
  29       1    1.51700000e-01    1.34949744e-01                                
  30       1    5.50000000e-01    1.00139355e+00                                
  31       1    6.66500000e+03    3.63803116e-01                                
  31       2    1.00000000e+03    6.75392020e-01                                
  31       3    2.28000000e+02    1.13230098e+00                                
  31       4    6.47100000e+01    1.65400404e+00                                
  31       5    2.10600000e+01    1.92497846e+00                                
  31       6    7.49500000e+00    1.44814933e+00                                
  31       7    2.79700000e+00    4.39427431e-01                                
  31       8    5.21500000e-01    6.64980332e-03                                
  31       9    1.59600000e-01   -5.74264109e-04                                
  32       1    6.66500000e+03   -7.67561626e-02                                
  32       2    1.00000000e+03   -1.46256808e-01                                
  32       3    2.28000000e+02   -2.39407036e-01                                
  32       4    6.47100000e+01   -3.79069086e-01                                
  32       5    2.10600000e+01   -4.48103733e-01                                
  32       6    7.49500000e+00   -4.84200525e-01                                
  32       7    2.79700000e+00   -1.96168096e-01                                
  32       8    5.21500000e-01    2.38161760e-01                                
  32       9    1.59600000e-01    1.04468216e-01                                
  33       1    1.59600000e-01    1.79963635e-01                                
  34       1    9.43900000e+00    8.98721985e-01                                
  34       2    2.00200000e+00    7.11071033e-01                                
  34       3    5.45600000e-01    3.39917026e-01                                
  34       4    1.51700000e-01    6.32701430e-02                                
  35       1    1.51700000e-01    1.34949744e-01                                
  36       1    5.50000000e-01    1.00139355e+00                                
  37       1    1.30100000e+01    9.61066110e-02                                
  37       2    1.96200000e+00    1.63019975e-01                                
  37       3    4.44600000e-01    1.85545023e-01                                
  37       4    1.22000000e-01    7.37437920e-02                                
  38       1    1.22000000e-01    1.47122794e-01                                
  39       1    7.27000000e-01    9.56881375e-01                                
  40       1    1.30100000e+01    9.61066110e-02                                
  40       2    1.96200000e+00    1.63019975e-01                                
  40       3    4.44600000e-01    1.85545023e-01                                
  40       4    1.22000000e-01    7.37437920e-02                                
  41       1    1.22000000e-01    1.47122794e-01                                
  42       1    7.27000000e-01    9.56881375e-01                                
  43       1    1.30100000e+01    9.61066110e-02                                
  43       2    1.96200000e+00    1.63019975e-01                                
  43       3    4.44600000e-01    1.85545023e-01                                
  43       4    1.22000000e-01    7.37437920e-02                                
  44       1    1.22000000e-01    1.47122794e-01                                
  45       1    7.27000000e-01    9.56881375e-01                                
  46       1    1.30100000e+01    9.61066110e-02                                
  46       2    1.96200000e+00    1.63019975e-01                                
  46       3    4.44600000e-01    1.85545023e-01                                
  46       4    1.22000000e-01    7.37437920e-02                                
  47       1    1.22000000e-01    1.47122794e-01                                
  48       1    7.27000000e-01    9.56881375e-01                                
  49       1    1.30100000e+01    9.61066110e-02                                
  49       2    1.96200000e+00    1.63019975e-01                                
  49       3    4.44600000e-01    1.85545023e-01                                
  49       4    1.22000000e-01    7.37437920e-02                                
  50       1    1.22000000e-01    1.47122794e-01                                
  51       1    7.27000000e-01    9.56881375e-01                                
  52       1    1.30100000e+01    9.61066110e-02                                
  52       2    1.96200000e+00    1.63019975e-01                                
  52       3    4.44600000e-01    1.85545023e-01                                
  52       4    1.22000000e-01    7.37437920e-02                                
  53       1    1.22000000e-01    1.47122794e-01                                
  54       1    7.27000000e-01    9.56881375e-01                                
