# Neon cc-pVDZ basis set input file
# 6 shells and coresponding 25 contraction functions
#shell ang x y z
1 0 0.000 0.000 0.000
2 0 0.000 0.000 0.000
3 0 0.000 0.000 0.000
4 1 0.000 0.000 0.000
5 1 0.000 0.000 0.000
6 2 0.000 0.000 0.000

#shell  function   exponent    contraction coefficient
1 1 1.78800000e+04 8.13283990e-01
1 2 2.68300000e+03 1.50832394e+00
1 3 6.11500000e+02 2.53133644e+00
1 4 1.73500000e+02 3.69806595e+00
1 5 5.66400000e+01 4.28062152e+00
1 6 2.04200000e+01 3.06933306e+00
1 7 7.81000000e+00 8.59136106e-01
1 8 1.65300000e+00 1.56504324e-02
1 9 4.86900000e-01 -8.72387333e-04
2 1 1.78800000e+04 -1.89545807e-01
2 2 2.68300000e+03 -3.60541657e-01
2 3 6.11500000e+02 -5.90437580e-01
2 4 1.73500000e+02 -9.42505698e-01
2 5 5.66400000e+01 -1.12138075e+00
2 6 2.04200000e+01 -1.19964549e+00
2 7 7.81000000e+00 -3.56398904e-01
2 8 1.65300000e+00 5.89163852e-01
2 9 4.86900000e-01 2.34803397e-01
3 1 4.86900000e-01 4.15422412e-01
4 1 2.83900000e+01 4.30502365e+00
4 2 6.27000000e+00 3.39674885e+00
4 3 1.69500000e+00 1.40249651e+00
4 4 4.31700000e-01 2.27278748e-01
5 1 4.31700000e-01 4.98789898e-01
6 1 2.20200000e+00 1.13475050e+01

